28
341.0 546.0 345.0 635.0 329.0 487.0 338.0 594.0
284.0 646.0 345.0 636.0 276.0 608.0 337.0 594.0
346.0 633.0 401.0 634.0 338.0 595.0 389.0 597.0
346.0 635.0 345.0 666.0 337.0 597.0 336.0 624.0
194.0 526.0 225.0 509.0 184.0 484.0 207.0 465.0
227.0 506.0 313.0 530.0 208.0 464.0 298.0 475.0
368.0 530.0 449.0 512.0 359.0 470.0 445.0 457.0
453.0 511.0 486.0 521.0 446.0 459.0 467.0 474.0
266.0 716.0 316.0 691.0 264.0 680.0 311.0 668.0
318.0 689.0 378.0 687.0 314.0 669.0 353.0 666.0
382.0 687.0 422.0 705.0 357.0 667.0 417.0 663.0
269.0 715.0 306.0 749.0 265.0 687.0 297.0 723.0
308.0 751.0 387.0 748.0 299.0 724.0 377.0 724.0
390.0 748.0 423.0 710.0 382.0 723.0 419.0 665.0
179.0 672.0 200.0 755.0 187.0 660.0 214.0 728.0
202.0 758.0 333.0 837.0 217.0 729.0 333.0 812.0
336.0 837.0 482.0 753.0 335.0 813.0 458.0 714.0
484.0 755.0 512.0 670.0 458.0 713.0 482.0 651.0
196.0 456.0 206.0 391.0 180.0 406.0 190.0 352.0
490.0 484.0 486.0 409.0 475.0 444.0 473.0 377.0
222.0 562.0 293.0 565.0 208.0 525.0 287.0 525.0
385.0 557.0 466.0 562.0 367.0 518.0 454.0 516.0
226.0 794.0 220.0 847.0 223.0 741.0 218.0 792.0
466.0 788.0 466.0 848.0 438.0 760.0 436.0 802.0
128.0 899.0 207.0 941.0 133.0 835.0 232.0 921.0
430.0 960.0 543.0 888.0 429.0 936.0 554.0 836.0
13.0 947.0 199.0 846.0 8.0 833.0 188.0 779.0
475.0 838.0 698.0 935.0 699.0 851.0 447.0 783.0
